Strict; 0; 0; 0; 0; 0; 0; 0; 0; 0; 0; 0; 0; 0; 0; 0; 0; 0; 0; 0; 0; 0; 0; 0; 0; 0; 0; 0; 0; 0; 0; 0; 0; 0; 0; 0; 0; 0; 0; 
Prepared unfilled 3rd; 32673; 0; 32673; 4910; 478; 2281; 7773; 8307; 30303; 4990; 15628; 27745; 187; 14385; 13918; 30166; 3908; 8311; 32673; 59; 11360; 2249; 12431; 21015; 21231; 6842; 2574; 3652; 2482; 24098; 4459; 26810; 1776; 12018; 841; 3604; 274; 4111; 
Prepared unresolved 3rd; 5225; 0; 4910; 5225; 66; 161; 912; 972; 4608; 1706; 2764; 3293; 37; 2106; 1898; 4021; 339; 1333; 5225; 5; 86; 239; 1861; 3455; 2253; 749; 108; 369; 266; 3682; 411; 3109; 211; 780; 50; 353; 52; 408; 
Two 3rds after 6/8; 478; 0; 478; 66; 478; 7; 46; 60; 424; 0; 184; 400; 0; 304; 222; 478; 52; 160; 478; 0; 289; 5; 80; 249; 313; 144; 60; 87; 68; 215; 36; 478; 3; 57; 1; 23; 6; 56; 
Late <6th resolution; 5851; 0; 2281; 161; 7; 5851; 692; 1336; 5563; 1925; 2709; 4759; 200; 2052; 2220; 4304; 239; 1027; 5851; 0; 36; 302; 1691; 3520; 3319; 831; 80; 212; 78; 4053; 697; 3545; 312; 1209; 70; 796; 55; 624; 
Leap back <5th; 11881; 0; 7773; 912; 46; 692; 11881; 2115; 10660; 1304; 6976; 9930; 40; 5390; 5793; 11881; 1134; 3875; 11881; 0; 5124; 1620; 7119; 7991; 6739; 3146; 1403; 1578; 1392; 8852; 894; 10570; 776; 3970; 102; 1464; 70; 1294; 
Seventh; 19202; 0; 8307; 972; 60; 1336; 2115; 19202; 18730; 2958; 9421; 15781; 349; 6692; 8108; 18257; 946; 3642; 19202; 25; 6283; 1177; 5207; 12815; 7860; 2817; 442; 1144; 448; 14273; 3971; 15714; 1478; 4570; 1304; 1811; 134; 2632; 
Leap pre-late fill; 60063; 0; 30303; 4608; 424; 5563; 10660; 18730; 60063; 11936; 28849; 47881; 572; 23302; 24685; 53884; 3780; 14283; 60063; 174; 17031; 4846; 21181; 39532; 32618; 11589; 3534; 5442; 3535; 44654; 10788; 45163; 5162; 18958; 2292; 7137; 648; 6956; 
Many leaps; 13119; 0; 4990; 1706; 0; 1925; 1304; 2958; 11936; 13119; 6272; 8794; 192; 4172; 5112; 9825; 413; 2232; 13119; 0; 375; 1415; 5169; 8440; 6052; 1467; 141; 657; 250; 9640; 1146; 0; 1731; 1633; 734; 1294; 122; 1228; 
3rd to last is CEG; 30660; 0; 15628; 2764; 184; 2709; 6976; 9421; 28849; 6272; 30660; 23573; 190; 12354; 14681; 27301; 1707; 8421; 30660; 73; 8718; 3214; 11217; 20424; 16617; 6442; 1993; 4086; 2140; 23099; 7235; 22683; 2568; 10324; 1224; 1929; 114; 0; 
Last leap; 50389; 0; 27745; 3293; 400; 4759; 9930; 15781; 47881; 8794; 23573; 50389; 340; 20576; 23998; 45794; 3615; 11569; 50389; 204; 17321; 4393; 18361; 34560; 35027; 9071; 3242; 4700; 2936; 38088; 9620; 39544; 880; 16628; 1911; 5670; 429; 6870; 
Tritone resolved; 622; 0; 187; 37; 0; 200; 40; 349; 572; 192; 190; 340; 622; 83; 325; 503; 21; 76; 622; 3; 110; 29; 94; 517; 233; 62; 0; 100; 0; 501; 83; 389; 253; 131; 15; 25; 26; 62; 
3 letters in a row; 24780; 0; 14385; 2106; 304; 2052; 5390; 6692; 23302; 4172; 12354; 20576; 83; 24780; 10900; 23214; 1789; 6032; 24780; 33; 7873; 829; 8059; 15503; 15803; 1629; 170; 2123; 1399; 17798; 4575; 20081; 1640; 8073; 976; 2352; 246; 2981; 
Unfilled leap; 27602; 0; 13918; 1898; 222; 2220; 5793; 8108; 24685; 5112; 14681; 23998; 325; 10900; 27602; 25286; 2031; 6047; 27602; 71; 9100; 2637; 12287; 21516; 17560; 4740; 2094; 3489; 1652; 22882; 5706; 21291; 1856; 10227; 871; 2376; 262; 1976; 
Leap to leap resolution; 57066; 0; 30166; 4021; 478; 4304; 11881; 18257; 53884; 9825; 27301; 45794; 503; 23214; 25286; 57066; 3841; 14326; 57066; 79; 17505; 4644; 20913; 37026; 31928; 11636; 3681; 5765; 3693; 41689; 11424; 46491; 4579; 18090; 2046; 7132; 638; 7079; 
Two 3rds; 4314; 0; 3908; 339; 52; 239; 1134; 946; 3780; 413; 1707; 3615; 21; 1789; 2031; 3841; 4314; 1405; 4314; 0; 1831; 221; 1743; 2755; 2795; 1028; 453; 516; 438; 3065; 288; 3886; 215; 888; 63; 381; 18; 410; 
4 step miss; 15084; 0; 8311; 1333; 160; 1027; 3875; 3642; 14283; 2232; 8421; 11569; 76; 6032; 6047; 14326; 1405; 15084; 15084; 30; 5047; 1916; 5861; 10147; 7719; 3600; 1215; 352; 178; 10961; 3501; 12416; 1194; 5339; 309; 2225; 251; 1909; 
Outstanding repeat; 64039; 0; 32673; 5225; 478; 5851; 11881; 19202; 60063; 13119; 30660; 50389; 622; 24780; 27602; 57066; 4314; 15084; 64039; 237; 17726; 5562; 23284; 41824; 35027; 12212; 3735; 5856; 3721; 47008; 11424; 47353; 5413; 19513; 2361; 7633; 660; 7530; 
Long smooth; 237; 0; 59; 5; 0; 0; 0; 25; 174; 0; 73; 204; 3; 33; 71; 79; 0; 30; 237; 237; 52; 133; 147; 133; 149; 16; 9; 5; 6; 166; 0; 0; 1; 2; 0; 9; 7; 44; 
Long line; 17726; 0; 11360; 86; 289; 36; 5124; 6283; 17031; 375; 8718; 17321; 110; 7873; 9100; 17505; 1831; 5047; 17726; 52; 17726; 1457; 6241; 12040; 12188; 4092; 2652; 2376; 2353; 13222; 5126; 17026; 74; 9223; 28; 2426; 274; 2466; 
Close repeat; 5562; 0; 2249; 239; 5; 302; 1620; 1177; 4846; 1415; 3214; 4393; 29; 829; 2637; 4644; 221; 1916; 5562; 133; 1457; 5562; 3832; 3981; 3032; 1558; 725; 873; 727; 4425; 1563; 3052; 350; 1067; 84; 420; 44; 578; 
Stagnation; 23284; 0; 12431; 1861; 80; 1691; 7119; 5207; 21181; 5169; 11217; 18361; 94; 8059; 12287; 20913; 1743; 5861; 23284; 147; 6241; 3832; 23284; 16094; 12664; 4721; 1700; 2420; 1910; 18645; 5442; 16343; 1860; 6766; 411; 2194; 69; 2593; 
Multiple culminations; 41824; 0; 21015; 3455; 249; 3520; 7991; 12815; 39532; 8440; 20424; 34560; 517; 15503; 21516; 37026; 2755; 10147; 41824; 133; 12040; 3981; 16094; 41824; 23702; 6839; 2414; 4588; 2613; 39232; 8117; 31071; 4082; 13293; 1319; 5371; 660; 4962; 
2nd to last not D; 35027; 0; 21231; 2253; 313; 3319; 6739; 7860; 32618; 6052; 16617; 35027; 233; 15803; 17560; 31928; 2795; 7719; 35027; 149; 12188; 3032; 12664; 23702; 35027; 6162; 2703; 3428; 2058; 26510; 6925; 27585; 628; 11471; 1359; 4243; 363; 4776; 
4 letters in a row; 12212; 0; 6842; 749; 144; 831; 3146; 2817; 11589; 1467; 6442; 9071; 62; 1629; 4740; 11636; 1028; 3600; 12212; 16; 4092; 1558; 4721; 6839; 6162; 12212; 40; 1700; 1018; 8288; 3003; 10471; 909; 4592; 286; 589; 38; 1192; 
>4 letters in a row; 3735; 0; 2574; 108; 60; 80; 1403; 442; 3534; 141; 1993; 3242; 0; 170; 2094; 3681; 453; 1215; 3735; 9; 2652; 725; 1700; 2414; 2703; 40; 3735; 440; 659; 2824; 1320; 3552; 124; 1831; 32; 40; 14; 259; 
5 step miss; 5856; 0; 3652; 369; 87; 212; 1578; 1144; 5442; 657; 4086; 4700; 100; 2123; 3489; 5765; 516; 352; 5856; 5; 2376; 873; 2420; 4588; 3428; 1700; 440; 5856; 36; 5064; 1556; 5082; 610; 2370; 84; 676; 24; 993; 
>5 step miss; 3721; 0; 2482; 266; 68; 78; 1392; 448; 3535; 250; 2140; 2936; 0; 1399; 1652; 3693; 438; 178; 3721; 6; 2353; 727; 1910; 2613; 2058; 1018; 659; 36; 3721; 2813; 1244; 3426; 288; 1610; 25; 406; 68; 552; 
Late culmination; 47008; 0; 24098; 3682; 215; 4053; 8852; 14273; 44654; 9640; 23099; 38088; 501; 17798; 22882; 41689; 3065; 10961; 47008; 166; 13222; 4425; 18645; 39232; 26510; 8288; 2824; 5064; 2813; 47008; 8576; 34673; 4200; 14558; 1558; 5631; 384; 5160; 
Leap back >4th; 11424; 0; 4459; 411; 36; 697; 894; 3971; 10788; 1146; 7235; 9620; 83; 4575; 5706; 11424; 288; 3501; 11424; 0; 5126; 1563; 5442; 8117; 6925; 3003; 1320; 1556; 1244; 8576; 11424; 10267; 762; 2796; 447; 789; 123; 1037; 
Many leaps+; 47353; 0; 26810; 3109; 478; 3545; 10570; 15714; 45163; 0; 22683; 39544; 389; 20081; 21291; 46491; 3886; 12416; 47353; 0; 17026; 3052; 16343; 31071; 27585; 10471; 3552; 5082; 3426; 34673; 10267; 47353; 3256; 17767; 1560; 6131; 513; 5952; 
Leap unresolved; 5413; 0; 1776; 211; 3; 312; 776; 1478; 5162; 1731; 2568; 880; 253; 1640; 1856; 4579; 215; 1194; 5413; 1; 74; 350; 1860; 4082; 628; 909; 124; 610; 288; 4200; 762; 3256; 5413; 1012; 105; 1234; 15; 41; 
Leap chain; 19513; 0; 12018; 780; 57; 1209; 3970; 4570; 18958; 1633; 10324; 16628; 131; 8073; 10227; 18090; 888; 5339; 19513; 2; 9223; 1067; 6766; 13293; 11471; 4592; 1831; 2370; 1610; 14558; 2796; 17767; 1012; 19513; 347; 2591; 238; 1677; 
Late >5th resolution; 2361; 0; 841; 50; 1; 70; 102; 1304; 2292; 734; 1224; 1911; 15; 976; 871; 2046; 63; 309; 2361; 0; 28; 84; 411; 1319; 1359; 286; 32; 84; 25; 1558; 447; 1560; 105; 347; 2361; 133; 20; 162; 
Tritone unresolved; 7633; 0; 3604; 353; 23; 796; 1464; 1811; 7137; 1294; 1929; 5670; 25; 2352; 2376; 7132; 381; 2225; 7633; 9; 2426; 420; 2194; 5371; 4243; 589; 40; 676; 406; 5631; 789; 6131; 1234; 2591; 133; 7633; 635; 2387; 
Tritone culmination; 660; 0; 274; 52; 6; 55; 70; 134; 648; 122; 114; 429; 26; 246; 262; 638; 18; 251; 660; 7; 274; 44; 69; 660; 363; 38; 14; 24; 68; 384; 123; 513; 15; 238; 20; 635; 660; 219; 
3rd to last is leading; 7530; 0; 4111; 408; 56; 624; 1294; 2632; 6956; 1228; 0; 6870; 62; 2981; 1976; 7079; 410; 1909; 7530; 44; 2466; 578; 2593; 4962; 4776; 1192; 259; 993; 552; 5160; 1037; 5952; 41; 1677; 162; 2387; 219; 7530; 
Flag; Total; Strict; Prepared unfilled 3rd; Prepared unresolved 3rd; Two 3rds after 6/8; Late <6th resolution; Leap back <5th; Seventh; Leap pre-late fill; Many leaps; 3rd to last is CEG; Last leap; Tritone resolved; 3 letters in a row; Unfilled leap; Leap to leap resolution; Two 3rds; 4 step miss; Outstanding repeat; Long smooth; Long line; Close repeat; Stagnation; Multiple culminations; 2nd to last not D; 4 letters in a row; >4 letters in a row; 5 step miss; >5 step miss; Late culmination; Leap back >4th; Many leaps+; Leap unresolved; Leap chain; Late >5th resolution; Tritone unresolved; Tritone culmination; 3rd to last is leading; 
